77 84 93 98 107 108 113 117 124 130 144 153 168 178 184 191 194 196 200 200 203 199 198 192 187 176 176 169 166 160 165 169 178 184 195 207 222 236 255 255 255 255 255 255 255 255 255 255 255 255 255 255 255 255 255 255 255 255 255 255 255 255 255 255 255 255 255 255 255 255 255 255 255 255 255 255 255 255 255 255 255 255 255 255 255 255 255 255 255 255 255 255 255 255 255 253 234 210 201 191 182 174 173 170 171 168 171 168 167 160 158 150 147 131 116 123 129 125 122 117 115 111 107 95 93 91 91 91 

76 84 92 98 106 107 113 116 123 128 142 149 165 172 183 186 190 190 197 195 198 193 194 187 182 171 171 165 160 158 159 166 172 181 188 201 215 229 245 255 255 255 255 255 255 255 255 255 255 255 255 255 255 255 255 255 255 255 255 255 255 255 255 255 255 255 255 255 255 255 255 255 255 255 255 255 255 255 255 255 255 255 255 255 255 255 255 255 255 255 255 255 255 255 255 247 227 206 195 185 176 170 168 165 167 163 166 163 162 156 154 147 143 128 114 121 127 124 120 114 116 108 109 94 91 88 89 88 

76 84 90 99 111 110 115 118 125 130 142 152 167 177 185 191 193 196 200 199 202 198 197 192 187 177 176 168 166 160 165 168 178 184 195 205 221 235 252 255 255 255 255 255 255 255 255 255 255 255 255 255 255 255 255 255 255 255 255 255 255 255 255 255 255 255 255 255 255 255 255 255 255 255 255 255 255 255 255 255 255 255 255 255 255 255 255 255 255 255 255 255 255 255 255 250 232 209 200 188 179 174 171 168 170 166 170 166 165 159 157 150 147 130 116 120 130 122 119 113 115 108 107 94 91 87 90 87 

77 84 90 99 111 109 114 116 125 129 142 150 166 175 184 189 192 193 198 197 199 196 195 190 185 173 174 166 163 158 162 166 175 182 192 203 218 232 251 255 255 255 255 255 255 255 255 255 255 255 255 255 255 255 255 255 255 255 255 255 255 255 255 255 255 255 255 255 255 255 255 255 255 255 255 255 255 255 255 255 255 255 255 255 255 255 255 255 255 255 255 255 255 255 255 248 230 207 197 187 179 173 170 168 169 165 169 165 163 158 157 148 146 129 114 120 130 123 119 114 115 109 110 96 94 89 89 90 

76 83 92 98 110 107 113 115 124 129 140 151 166 176 183 189 192 193 198 197 199 196 195 189 184 173 173 166 163 158 162 167 176 182 192 203 218 231 248 255 255 255 255 255 255 255 255 255 255 255 255 255 255 255 255 255 255 255 255 255 255 255 255 255 255 255 255 255 255 255 255 255 255 255 255 255 255 255 255 255 255 255 255 255 255 255 255 255 255 255 255 255 255 255 255 247 229 207 196 186 177 170 169 166 168 163 167 164 163 158 154 147 144 129 117 120 125 121 118 113 113 107 106 94 90 88 89 87 

77 83 93 98 107 109 113 117 126 130 144 152 170 177 188 191 195 195 201 200 202 197 199 192 188 175 177 168 166 159 166 168 179 186 196 206 221 238 251 255 255 255 255 255 255 255 255 255 255 255 255 255 255 255 255 255 255 255 255 255 255 255 255 255 255 255 255 255 255 255 255 255 255 255 255 255 255 255 255 255 255 255 255 255 255 255 255 255 255 255 255 255 255 255 255 251 231 211 199 191 179 173 171 171 171 166 169 168 166 160 157 149 146 133 117 120 128 123 119 114 114 108 108 95 92 87 89 87 

77 83 90 99 111 108 114 115 124 128 140 150 164 174 182 186 190 191 196 195 197 194 192 186 182 171 171 164 161 155 161 163 173 180 189 200 217 230 245 255 255 255 255 255 255 255 255 255 255 255 255 255 255 255 255 255 255 255 255 255 255 255 255 255 255 255 255 255 255 255 255 255 255 255 255 255 255 255 255 255 255 255 255 255 255 255 255 255 255 255 255 255 255 255 255 246 226 205 195 186 176 170 169 165 167 163 166 162 162 156 154 146 143 128 115 121 126 124 120 113 115 108 109 92 90 88 90 87 

77 83 92 98 107 109 114 116 126 132 143 151 168 178 186 192 193 196 201 199 202 199 198 192 187 177 176 169 165 159 165 169 180 185 196 206 222 238 251 255 255 255 255 255 255 255 255 255 255 255 255 255 255 255 255 255 255 255 255 255 255 255 255 255 255 255 255 255 255 255 255 255 255 255 255 255 255 255 255 255 255 255 255 255 255 255 255 255 255 255 255 255 255 255 255 251 233 213 201 191 181 174 172 170 171 167 170 167 167 161 159 150 148 130 117 120 130 123 121 114 114 108 107 94 91 88 90 87 

76 84 90 99 110 109 114 117 124 129 141 150 165 174 183 187 191 192 196 196 198 195 193 187 184 172 173 165 162 157 162 165 174 180 191 201 216 230 249 255 255 255 255 255 255 255 255 255 255 255 255 255 255 255 255 255 255 255 255 255 255 255 255 255 255 255 255 255 255 255 255 255 255 255 255 255 255 255 255 255 255 255 255 255 255 255 255 255 255 255 255 255 255 255 255 246 229 206 196 185 178 171 169 166 169 163 167 164 164 157 155 147 144 129 115 121 128 122 118 114 115 109 108 97 93 88 92 87 

74 84 92 98 108 109 114 115 123 130 143 150 168 175 186 188 195 194 200 197 203 196 198 190 186 175 175 166 166 158 164 167 178 181 195 203 221 233 251 255 255 255 255 255 255 255 255 255 255 255 255 255 255 255 255 255 255 255 255 255 255 255 255 255 255 255 255 255 255 255 255 255 255 255 255 255 255 255 255 255 255 255 255 255 255 255 255 255 255 255 255 255 255 255 255 250 231 210 198 188 180 173 171 169 171 166 169 167 166 159 156 149 145 130 115 123 129 123 121 117 115 111 108 95 93 91 91 91 

77 84 93 99 110 108 114 117 124 130 144 151 170 177 187 189 195 195 201 198 203 198 198 191 188 175 177 167 166 161 165 166 179 184 195 206 224 234 250 255 255 255 255 255 255 255 255 255 255 255 255 255 255 255 255 255 255 255 255 255 255 255 255 255 255 255 255 255 255 255 255 255 255 255 255 255 255 255 255 255 255 255 255 255 255 255 255 255 255 255 255 255 255 255 255 251 232 212 200 189 180 174 173 169 172 167 170 167 166 160 158 150 146 130 116 124 129 125 122 115 117 109 110 94 92 88 89 87 

76 84 89 99 109 108 113 116 124 128 141 149 166 174 182 187 191 191 196 196 197 194 193 187 182 172 172 164 162 156 161 165 175 179 189 200 215 229 246 255 255 255 255 255 255 255 255 255 255 255 255 255 255 255 255 255 255 255 255 255 255 255 255 255 255 255 255 255 255 255 255 255 255 255 255 255 255 255 255 255 255 255 255 255 255 255 255 255 255 255 255 255 255 255 255 245 226 206 194 185 176 170 167 165 167 162 165 163 162 158 155 143 142 130 113 120 127 124 117 113 113 107 106 93 91 87 90 86 

76 84 90 99 111 110 116 117 125 131 143 151 168 179 187 191 194 196 200 200 202 199 197 191 187 177 176 168 166 161 165 169 179 185 195 205 221 238 251 255 255 255 255 255 255 255 255 255 255 255 255 255 255 255 255 255 255 255 255 255 255 255 255 255 255 255 255 255 255 255 255 255 255 255 255 255 255 255 255 255 255 255 255 255 255 255 255 255 255 255 255 255 255 255 255 249 230 211 199 191 178 173 172 171 171 167 172 168 164 159 157 148 146 133 116 124 131 123 118 113 114 109 107 93 91 87 89 87 

75 83 89 98 110 109 113 116 123 128 140 149 165 174 182 187 190 191 195 195 197 194 193 186 182 171 171 164 161 158 161 163 173 179 190 199 216 229 248 255 255 255 255 255 255 255 255 255 255 255 255 255 255 255 255 255 255 255 255 255 255 255 255 255 255 255 255 255 255 255 255 255 255 255 255 255 255 255 255 255 255 255 255 255 255 255 255 255 255 255 255 255 255 255 255 246 227 206 196 184 176 170 168 166 168 163 166 164 162 156 155 146 142 127 114 121 128 122 117 115 115 108 109 94 93 88 92 87 

73 84 91 99 110 111 116 117 125 129 142 150 167 177 186 191 194 195 200 199 201 199 197 191 186 176 175 168 165 159 164 168 178 183 194 205 221 234 251 255 255 255 255 255 255 255 255 255 255 255 255 255 255 255 255 255 255 255 255 255 255 255 255 255 255 255 255 255 255 255 255 255 255 255 255 255 255 255 255 255 255 255 255 255 255 255 255 255 255 255 255 255 255 255 255 249 230 209 198 187 180 172 171 168 169 166 170 168 164 158 159 147 146 132 115 123 128 125 118 113 114 109 107 94 91 88 89 86 

77 84 93 98 107 108 115 115 124 129 143 151 167 175 186 189 193 193 200 198 201 195 197 190 186 173 175 167 165 158 164 167 177 183 194 204 219 234 253 255 255 255 255 255 255 255 255 255 255 255 255 255 255 255 255 255 255 255 255 255 255 255 255 255 255 255 255 255 255 255 255 255 255 255 255 255 255 255 255 255 255 255 255 255 255 255 255 255 255 255 255 255 255 255 255 249 229 209 196 190 176 171 170 169 170 165 168 165 165 158 156 148 146 132 117 119 127 122 118 113 114 108 107 93 91 88 90 87 

77 84 90 99 111 109 114 116 124 129 141 151 166 175 184 189 192 193 197 196 199 195 193 188 183 173 172 165 163 157 162 166 175 180 192 201 218 231 247 255 255 255 255 255 255 255 255 255 255 255 255 255 255 255 255 255 255 255 255 255 255 255 255 255 255 255 255 255 255 255 255 255 255 255 255 255 255 255 255 255 255 255 255 255 255 255 255 255 255 255 255 255 255 255 255 246 228 206 197 186 176 170 168 166 168 163 166 164 163 159 156 145 143 131 115 121 127 124 117 112 113 107 107 94 91 87 89 87 

